B,44,W,29,B,19,W,10,B,11,W,52,B,53,W,34,B,60,W,26,B,33,W,17,B,43,W,61,B,51,W,42,B,1,W,40,B,62,W,18,B,50,W,12,B,45,W,59,B,16,W,46,B,32,W,25,B,54,W,58,B,30,W,37,B,57,W,41,B,20,W,24,B,48,W,49,B,39,W,8,B,56,W,31,B,0,W,4,B,21,W,13,B,9,W,22,B,5,W,14,B,7,W,38,B,15,W,23,B,2,W,3,B,6,W,55,B,63,W,47,WB,"
",B,26,W,34,B,44,W,20,B,19,W,18,B,12,W,29,B,17,W,43,B,45,W,25,B,50,W,10,B,11,W,2,B,13,W,14,B,33,W,54,B,3,W,41,B,42,W,40,B,37,W,38,B,46,W,8,B,9,W,21,B,30,W,57,B,5,W,51,B,52,W,23,B,58,W,22,B,31,W,49,B,53,W,61,B,1,W,24,B,7,W,15,B,0,W,47,B,56,W,6,B,62,W,16,B,32,W,48,B,4,W,63,B,60,W,59,B,39,W,64,B,55,WB,"
",B,44,W,45,B,46,W,43,B,26,W,19,B,18,W,21,B,11,W,53,B,34,W,42,B,37,W,10,B,17,W,55,B,38,W,29,B,33,W,40,B,25,W,16,B,32,W,47,B,22,W,41,B,39,W,20,B,8,W,24,B,60,W,0,B,2,W,3,B,50,W,62,B,12,W,1,B,13,W,52,B,48,W,14,B,54,W,61,B,9,W,23,B,59,W,57,B,6,W,4,B,58,W,31,B,56,W,51,B,63,W,49,B,30,W,7,B,15,W,5,WW,"
",B,37,W,45,B,26,W,29,B,54,W,53,B,38,W,55,B,63,W,43,B,30,W,21,B,20,W,34,B,61,W,12,B,41,W,25,B,47,W,31,B,19,W,44,B,24,W,18,B,4,W,46,B,14,W,60,B,9,W,22,B,39,W,16,B,59,W,52,B,10,W,17,B,13,W,62,B,11,W,0,B,32,W,3,B,23,W,58,B,2,W,40,B,5,W,48,B,42,W,15,B,6,W,51,B,8,W,33,B,7,W,1,B,49,W,50,B,57,W,64,B,56,WB,"
",B,44,W,29,B,22,W,30,B,20,W,13,B,18,W,15,B,12,W,11,B,4,W,34,B,38,W,37,B,46,W,10,B,41,W,47,B,26,W,48,B,2,W,45,B,39,W,51,B,42,W,9,B,40,W,19,B,25,W,33,B,31,W,23,B,5,W,14,B,16,W,32,B,50,W,49,B,54,W,53,B,21,W,62,B,56,W,6,B,61,W,57,B,58,W,8,B,24,W,43,B,3,W,17,B,7,W,60,B,63,W,59,B,1,W,52,B,55,W,0,WB,"
",B,44,W,45,B,19,W,52,B,60,W,43,B,51,W,26,B,33,W,21,B,53,W,10,B,14,W,18,B,37,W,59,B,1,W,61,B,58,W,50,B,9,W,29,B,46,W,0,B,62,W,20,B,12,W,11,B,34,W,41,B,57,W,54,B,38,W,49,B,3,W,22,B,13,W,40,B,31,W,2,B,17,W,30,B,48,W,4,B,5,W,23,B,8,W,16,B,15,W,7,B,63,W,39,B,47,W,25,B,32,W,24,B,6,W,56,B,64,W,42,B,64,W,55,WW,"
",B,44,W,29,B,19,W,43,B,45,W,52,B,42,W,18,B,59,W,50,B,9,W,26,B,17,W,10,B,21,W,25,B,2,W,53,B,22,W,61,B,62,W,15,B,12,W,11,B,37,W,63,B,51,W,34,B,3,W,60,B,32,W,0,B,58,W,30,B,16,W,54,B,31,W,33,B,49,W,48,B,40,W,38,B,1,W,4,B,46,W,8,B,56,W,14,B,39,W,24,B,57,W,13,B,6,W,20,B,41,W,47,B,55,W,7,B,5,W,23,WW,"
",B,19,W,18,B,17,W,11,B,10,W,9,B,3,W,2,B,45,W,54,B,8,W,0,B,25,W,34,B,1,W,20,B,37,W,16,B,53,W,38,B,31,W,29,B,46,W,47,B,63,W,44,B,39,W,61,B,24,W,26,B,21,W,12,B,4,W,14,B,55,W,32,B,62,W,5,B,13,W,6,B,22,W,23,B,60,W,64,B,15,W,7,B,52,W,43,B,33,W,40,B,42,W,49,B,41,W,48,B,56,W,50,B,57,W,51,B,58,W,59,B,64,W,30,WW,"
",B,37,W,45,B,19,W,29,B,30,W,34,B,46,W,38,B,43,W,21,B,22,W,14,B,47,W,10,B,41,W,18,B,26,W,39,B,12,W,42,B,33,W,51,B,31,W,54,B,9,W,25,B,60,W,5,B,2,W,48,B,44,W,55,B,63,W,53,B,20,W,58,B,24,W,13,B,3,W,49,B,59,W,61,B,7,W,52,B,11,W,23,B,6,W,32,B,40,W,0,B,62,W,50,B,57,W,4,B,16,W,15,B,56,W,8,B,1,W,64,B,17,WB,"
",B,37,W,29,B,20,W,13,B,30,W,45,B,11,W,38,B,53,W,31,B,34,W,18,B,6,W,26,B,47,W,4,B,9,W,10,B,12,W,2,B,23,W,54,B,25,W,32,B,55,W,14,B,16,W,8,B,52,W,41,B,43,W,24,B,21,W,22,B,5,W,63,B,61,W,33,B,39,W,59,B,3,W,50,B,51,W,7,B,44,W,15,B,49,W,46,B,19,W,60,B,62,W,57,B,17,W,58,B,40,W,48,B,56,W,42,B,0,W,1,WW,"
",B,19,W,34,B,42,W,20,B,26,W,18,B,37,W,25,B,9,W,49,B,32,W,41,B,29,W,46,B,11,W,16,B,38,W,12,B,54,W,17,B,24,W,40,B,13,W,6,B,8,W,30,B,14,W,4,B,22,W,0,B,1,W,39,B,21,W,62,B,23,W,5,B,44,W,10,B,47,W,52,B,51,W,2,B,7,W,60,B,3,W,53,B,55,W,63,B,48,W,33,B,56,W,31,B,45,W,50,B,43,W,57,B,58,W,15,B,59,W,61,WW,"
",B,19,W,20,B,21,W,18,B,34,W,12,B,29,W,41,B,37,W,38,B,45,W,30,B,5,W,53,B,39,W,4,B,26,W,23,B,61,W,6,B,44,W,52,B,10,W,46,B,47,W,1,B,13,W,9,B,22,W,60,B,48,W,62,B,3,W,25,B,17,W,14,B,24,W,11,B,54,W,33,B,59,W,63,B,43,W,55,B,15,W,42,B,49,W,40,B,7,W,56,B,51,W,58,B,32,W,16,B,31,W,2,B,8,W,0,B,57,W,50,WW,"
",B,19,W,20,B,45,W,18,B,21,W,54,B,10,W,11,B,17,W,29,B,63,W,22,B,14,W,6,B,3,W,42,B,12,W,37,B,30,W,13,B,15,W,38,B,47,W,26,B,33,W,24,B,44,W,43,B,31,W,5,B,41,W,50,B,57,W,8,B,46,W,62,B,7,W,2,B,23,W,39,B,4,W,51,B,52,W,53,B,16,W,58,B,59,W,60,B,49,W,55,B,61,W,9,B,32,W,34,B,25,W,56,B,48,W,40,B,0,W,1,WB,"
",B,37,W,45,B,44,W,43,B,34,W,26,B,53,W,46,B,39,W,42,B,18,W,10,B,41,W,54,B,55,W,48,B,25,W,33,B,40,W,20,B,49,W,62,B,60,W,17,B,11,W,47,B,21,W,61,B,51,W,59,B,2,W,57,B,12,W,13,B,58,W,19,B,63,W,22,B,30,W,9,B,5,W,6,B,3,W,32,B,24,W,4,B,56,W,38,B,8,W,1,B,23,W,31,B,52,W,14,B,0,W,15,B,7,W,50,B,29,W,64,B,16,WB,"
",B,44,W,45,B,19,W,34,B,41,W,52,B,37,W,26,B,33,W,32,B,54,W,11,B,53,W,25,B,18,W,50,B,59,W,17,B,10,W,38,B,8,W,51,B,46,W,62,B,42,W,20,B,58,W,16,B,55,W,12,B,4,W,9,B,30,W,60,B,43,W,47,B,2,W,3,B,48,W,13,B,61,W,21,B,0,W,40,B,63,W,23,B,5,W,6,B,1,W,57,B,29,W,22,B,39,W,56,B,49,W,14,B,15,W,7,B,24,W,31,WB,"
",B,44,W,43,B,34,W,41,B,50,W,29,B,22,W,30,B,32,W,14,B,21,W,48,B,23,W,12,B,18,W,59,B,20,W,52,B,6,W,42,B,3,W,15,B,45,W,19,B,37,W,7,B,33,W,25,B,57,W,39,B,60,W,46,B,53,W,61,B,40,W,4,B,38,W,2,B,17,W,16,B,54,W,31,B,13,W,49,B,11,W,55,B,63,W,24,B,51,W,26,B,8,W,47,B,62,W,58,B,56,W,9,B,10,W,1,B,0,W,5,WW,"
",B,19,W,20,B,37,W,18,B,10,W,44,B,53,W,1,B,29,W,38,B,13,W,34,B,41,W,26,B,17,W,48,B,21,W,5,B,6,W,25,B,33,W,24,B,45,W,52,B,8,W,61,B,4,W,51,B,54,W,42,B,49,W,16,B,31,W,63,B,62,W,39,B,58,W,60,B,46,W,40,B,30,W,9,B,14,W,50,B,0,W,12,B,23,W,15,B,32,W,55,B,7,W,43,B,47,W,22,B,11,W,2,B,57,W,56,B,3,W,59,WB,"
",B,19,W,34,B,42,W,20,B,26,W,18,B,37,W,33,B,12,W,50,B,25,W,16,B,58,W,21,B,10,W,51,B,44,W,3,B,14,W,7,B,29,W,53,B,40,W,11,B,2,W,9,B,1,W,32,B,5,W,38,B,23,W,48,B,8,W,4,B,45,W,46,B,62,W,43,B,13,W,54,B,63,W,22,B,30,W,6,B,52,W,61,B,60,W,47,B,39,W,57,B,49,W,59,B,41,W,56,B,15,W,0,B,55,W,31,B,17,W,24,WW,"
",B,19,W,18,B,26,W,20,B,37,W,46,B,13,W,44,B,10,W,12,B,21,W,1,B,11,W,34,B,43,W,22,B,17,W,51,B,31,W,4,B,2,W,16,B,41,W,42,B,45,W,54,B,47,W,6,B,25,W,24,B,30,W,53,B,59,W,49,B,29,W,38,B,61,W,33,B,14,W,23,B,9,W,5,B,50,W,57,B,40,W,0,B,15,W,48,B,32,W,58,B,39,W,60,B,8,W,62,B,63,W,3,B,56,W,52,B,55,W,64,B,7,WB,"
",B,37,W,29,B,20,W,11,B,21,W,43,B,50,W,44,B,42,W,41,B,32,W,30,B,45,W,38,B,18,W,53,B,4,W,34,B,19,W,49,B,25,W,14,B,47,W,12,B,61,W,51,B,58,W,46,B,39,W,48,B,40,W,10,B,13,W,24,B,7,W,33,B,3,W,17,B,1,W,22,B,15,W,5,B,6,W,26,B,8,W,2,B,9,W,0,B,52,W,54,B,60,W,59,B,63,W,55,B,57,W,16,B,62,W,23,B,31,W,56,WW,"
",B,37,W,45,B,53,W,54,B,26,W,52,B,63,W,38,B,39,W,31,B,61,W,47,B,43,W,34,B,25,W,20,B,29,W,21,B,13,W,14,B,44,W,5,B,19,W,11,B,7,W,18,B,12,W,22,B,4,W,17,B,10,W,23,B,8,W,59,B,6,W,41,B,46,W,16,B,32,W,0,B,24,W,3,B,42,W,33,B,49,W,40,B,60,W,9,B,30,W,51,B,50,W,62,B,1,W,15,B,58,W,48,B,55,W,2,B,56,W,57,WW,"
",B,19,W,20,B,21,W,18,B,37,W,13,B,9,W,44,B,45,W,10,B,53,W,42,B,1,W,17,B,16,W,29,B,26,W,25,B,5,W,11,B,12,W,62,B,51,W,14,B,34,W,60,B,23,W,52,B,22,W,54,B,49,W,4,B,63,W,31,B,61,W,2,B,43,W,7,B,3,W,30,B,39,W,41,B,38,W,0,B,58,W,59,B,8,W,46,B,15,W,24,B,48,W,55,B,33,W,32,B,40,W,56,B,50,W,57,B,47,W,6,WW,"
",B,37,W,43,B,26,W,17,B,25,W,38,B,46,W,18,B,10,W,24,B,45,W,11,B,39,W,19,B,12,W,3,B,42,W,5,B,51,W,44,B,34,W,55,B,21,W,54,B,16,W,41,B,49,W,29,B,8,W,30,B,32,W,33,B,53,W,58,B,59,W,61,B,1,W,52,B,31,W,23,B,60,W,57,B,56,W,47,B,63,W,40,B,13,W,20,B,22,W,2,B,4,W,9,B,50,W,6,B,14,W,0,B,15,W,7,B,62,W,48,WB,"
",B,19,W,34,B,42,W,18,B,17,W,11,B,10,W,9,B,33,W,24,B,20,W,37,B,29,W,38,B,13,W,43,B,52,W,50,B,46,W,49,B,39,W,21,B,57,W,45,B,22,W,26,B,1,W,47,B,8,W,31,B,14,W,40,B,41,W,3,B,54,W,56,B,4,W,61,B,55,W,63,B,44,W,53,B,32,W,59,B,48,W,25,B,60,W,58,B,2,W,5,B,12,W,15,B,16,W,6,B,62,W,51,B,23,W,0,B,7,W,30,WW,"
",B,26,W,18,B,10,W,9,B,44,W,29,B,0,W,52,B,53,W,54,B,30,W,34,B,43,W,37,B,41,W,19,B,11,W,31,B,62,W,50,B,55,W,45,B,51,W,33,B,40,W,48,B,22,W,61,B,46,W,39,B,38,W,21,B,49,W,17,B,60,W,32,B,16,W,14,B,20,W,58,B,57,W,1,B,13,W,59,B,2,W,56,B,7,W,8,B,15,W,3,B,12,W,63,B,42,W,6,B,4,W,5,B,47,W,24,B,25,W,64,B,23,WB,"
",B,37,W,29,B,21,W,43,B,50,W,38,B,44,W,45,B,30,W,57,B,42,W,51,B,39,W,52,B,53,W,22,B,14,W,7,B,13,W,12,B,19,W,34,B,5,W,11,B,33,W,24,B,32,W,46,B,15,W,54,B,20,W,31,B,4,W,3,B,49,W,6,B,62,W,47,B,23,W,60,B,61,W,59,B,18,W,63,B,16,W,25,B,17,W,56,B,41,W,9,B,40,W,10,B,55,W,48,B,26,W,8,B,0,W,2,B,1,W,64,B,58,WB,"
",B,19,W,18,B,17,W,11,B,20,W,9,B,1,W,21,B,44,W,37,B,3,W,2,B,12,W,0,B,46,W,29,B,30,W,22,B,26,W,43,B,13,W,31,B,23,W,15,B,14,W,51,B,4,W,5,B,38,W,39,B,45,W,55,B,53,W,16,B,6,W,7,B,50,W,25,B,52,W,60,B,62,W,10,B,47,W,58,B,61,W,49,B,59,W,34,B,8,W,24,B,48,W,57,B,42,W,63,B,32,W,56,B,33,W,40,B,64,W,41,B,64,W,54,WW,"
",B,44,W,43,B,18,W,29,B,30,W,52,B,51,W,22,B,45,W,31,B,59,W,26,B,15,W,53,B,54,W,62,B,19,W,14,B,34,W,10,B,20,W,42,B,49,W,12,B,9,W,8,B,2,W,37,B,0,W,33,B,11,W,60,B,5,W,46,B,25,W,17,B,24,W,38,B,13,W,16,B,40,W,3,B,61,W,6,B,7,W,32,B,63,W,55,B,41,W,1,B,21,W,48,B,47,W,58,B,50,W,39,B,4,W,57,B,23,W,64,B,56,WB,"
",B,19,W,18,B,17,W,34,B,45,W,37,B,29,W,54,B,41,W,9,B,43,W,20,B,0,W,51,B,50,W,49,B,10,W,32,B,12,W,33,B,48,W,22,B,57,W,38,B,25,W,16,B,42,W,13,B,59,W,2,B,1,W,4,B,5,W,11,B,46,W,26,B,62,W,6,B,15,W,40,B,39,W,55,B,52,W,8,B,3,W,61,B,7,W,53,B,44,W,63,B,60,W,56,B,14,W,21,B,47,W,23,B,31,W,58,B,24,W,30,WW,"
",B,19,W,34,B,45,W,37,B,41,W,20,B,29,W,21,B,11,W,53,B,46,W,38,B,42,W,2,B,54,W,39,B,22,W,44,B,3,W,10,B,62,W,30,B,17,W,18,B,1,W,49,B,56,W,43,B,31,W,33,B,47,W,48,B,40,W,55,B,9,W,23,B,14,W,61,B,24,W,16,B,52,W,51,B,25,W,5,B,7,W,32,B,8,W,12,B,50,W,58,B,59,W,26,B,60,W,57,B,13,W,4,B,63,W,15,B,6,WB,"
",B,26,W,18,B,10,W,43,B,44,W,25,B,50,W,45,B,19,W,34,B,17,W,9,B,33,W,3,B,2,W,29,B,0,W,12,B,32,W,1,B,54,W,41,B,16,W,24,B,21,W,53,B,48,W,42,B,30,W,22,B,61,W,38,B,8,W,14,B,5,W,63,B,55,W,11,B,15,W,23,B,20,W,7,B,13,W,62,B,40,W,56,B,31,W,49,B,4,W,6,B,52,W,57,B,58,W,47,B,51,W,37,B,39,W,46,B,64,W,60,B,59,WD,"
",B,19,W,20,B,21,W,18,B,17,W,34,B,43,W,52,B,37,W,13,B,5,W,22,B,12,W,29,B,14,W,4,B,23,W,10,B,41,W,7,B,44,W,46,B,50,W,31,B,60,W,42,B,30,W,48,B,6,W,9,B,25,W,39,B,3,W,11,B,8,W,58,B,57,W,16,B,55,W,51,B,47,W,59,B,38,W,32,B,53,W,2,B,33,W,26,B,24,W,15,B,1,W,54,B,45,W,0,B,40,W,61,B,56,W,49,B,63,W,62,WW,"
",B,19,W,20,B,29,W,22,B,30,W,34,B,21,W,38,B,31,W,18,B,47,W,39,B,14,W,15,B,12,W,37,B,26,W,23,B,41,W,5,B,43,W,55,B,9,W,42,B,46,W,50,B,59,W,58,B,45,W,3,B,13,W,60,B,49,W,52,B,53,W,48,B,7,W,61,B,6,W,54,B,57,W,44,B,11,W,25,B,51,W,2,B,17,W,56,B,10,W,0,B,16,W,4,B,1,W,40,B,63,W,62,B,32,W,24,B,33,W,8,WW,"
",B,37,W,29,B,18,W,46,B,20,W,11,B,38,W,30,B,55,W,34,B,26,W,17,B,4,W,2,B,43,W,10,B,33,W,54,B,25,W,44,B,45,W,32,B,8,W,50,B,13,W,6,B,23,W,24,B,62,W,19,B,22,W,39,B,47,W,52,B,9,W,3,B,16,W,53,B,61,W,63,B,1,W,15,B,31,W,60,B,51,W,12,B,7,W,58,B,59,W,14,B,57,W,21,B,41,W,42,B,5,W,48,B,49,W,40,B,56,W,0,WB,"
",B,44,W,45,B,26,W,20,B,21,W,22,B,13,W,5,B,14,W,43,B,52,W,19,B,46,W,33,B,18,W,10,B,6,W,29,B,9,W,7,B,50,W,60,B,15,W,23,B,2,W,30,B,61,W,62,B,31,W,39,B,34,W,12,B,53,W,41,B,42,W,1,B,59,W,0,B,40,W,57,B,11,W,48,B,16,W,25,B,17,W,8,B,24,W,3,B,4,W,54,B,63,W,37,B,32,W,38,B,47,W,51,B,56,W,55,B,58,W,49,WW,"
",B,26,W,20,B,37,W,34,B,29,W,38,B,44,W,52,B,33,W,18,B,30,W,32,B,40,W,22,B,53,W,25,B,17,W,43,B,51,W,58,B,24,W,8,B,9,W,0,B,12,W,45,B,46,W,4,B,21,W,54,B,15,W,14,B,62,W,61,B,19,W,42,B,50,W,16,B,1,W,48,B,5,W,6,B,11,W,13,B,23,W,3,B,55,W,31,B,39,W,47,B,10,W,49,B,57,W,41,B,60,W,56,B,63,W,2,B,59,W,7,WW,"
",B,37,W,43,B,34,W,25,B,18,W,11,B,50,W,52,B,51,W,45,B,29,W,38,B,26,W,22,B,53,W,21,B,41,W,59,B,15,W,20,B,12,W,19,B,10,W,54,B,24,W,5,B,39,W,42,B,30,W,57,B,4,W,31,B,44,W,17,B,14,W,3,B,61,W,49,B,9,W,23,B,58,W,60,B,55,W,46,B,47,W,0,B,6,W,48,B,1,W,63,B,40,W,33,B,8,W,13,B,32,W,2,B,56,W,16,B,62,W,7,WW,"
",B,26,W,18,B,19,W,34,B,43,W,20,B,33,W,40,B,13,W,12,B,29,W,41,B,17,W,52,B,5,W,44,B,50,W,11,B,53,W,42,B,51,W,30,B,22,W,59,B,2,W,62,B,9,W,61,B,58,W,6,B,4,W,15,B,37,W,10,B,48,W,56,B,38,W,32,B,3,W,57,B,49,W,1,B,54,W,25,B,16,W,55,B,31,W,45,B,60,W,46,B,0,W,21,B,39,W,24,B,7,W,47,B,8,W,14,B,63,W,64,B,23,WB,"
",B,19,W,20,B,29,W,18,B,11,W,21,B,10,W,37,B,26,W,1,B,2,W,17,B,30,W,4,B,0,W,23,B,9,W,22,B,16,W,25,B,3,W,42,B,46,W,44,B,34,W,24,B,5,W,8,B,45,W,47,B,38,W,12,B,15,W,14,B,33,W,13,B,7,W,32,B,6,W,64,B,50,W,51,B,53,W,60,B,43,W,49,B,59,W,58,B,31,W,52,B,41,W,39,B,40,W,48,B,57,W,56,B,54,W,62,B,55,W,61,WB,"
",B,44,W,45,B,37,W,29,B,30,W,31,B,20,W,51,B,46,W,13,B,12,W,4,B,21,W,34,B,26,W,25,B,5,W,14,B,24,W,19,B,52,W,43,B,23,W,38,B,11,W,2,B,10,W,61,B,3,W,18,B,59,W,42,B,39,W,16,B,32,W,9,B,49,W,41,B,60,W,57,B,40,W,50,B,0,W,6,B,8,W,48,B,62,W,15,B,58,W,54,B,33,W,47,B,22,W,53,B,56,W,17,B,7,W,1,B,63,W,55,WB,"
",B,26,W,34,B,41,W,21,B,37,W,42,B,20,W,40,B,50,W,33,B,44,W,13,B,14,W,18,B,5,W,22,B,32,W,53,B,9,W,43,B,19,W,30,B,51,W,7,B,45,W,58,B,46,W,24,B,61,W,38,B,59,W,0,B,10,W,17,B,52,W,54,B,15,W,29,B,31,W,6,B,55,W,63,B,39,W,2,B,49,W,62,B,60,W,47,B,12,W,56,B,16,W,8,B,57,W,3,B,1,W,11,B,23,W,25,B,48,W,4,WW,"
",B,44,W,29,B,19,W,43,B,30,W,34,B,42,W,18,B,33,W,22,B,37,W,41,B,40,W,52,B,17,W,31,B,60,W,38,B,25,W,32,B,24,W,9,B,26,W,49,B,50,W,20,B,10,W,61,B,57,W,56,B,62,W,45,B,58,W,1,B,13,W,4,B,47,W,59,B,14,W,63,B,6,W,8,B,46,W,55,B,11,W,21,B,12,W,54,B,2,W,48,B,16,W,51,B,0,W,39,B,53,W,7,B,15,W,23,B,64,W,5,B,64,W,3,WW,"
",B,37,W,45,B,26,W,20,B,19,W,38,B,44,W,51,B,52,W,10,B,29,W,34,B,30,W,33,B,50,W,46,B,31,W,58,B,25,W,17,B,55,W,39,B,41,W,42,B,13,W,60,B,43,W,32,B,1,W,22,B,59,W,4,B,47,W,11,B,40,W,61,B,53,W,3,B,9,W,18,B,24,W,0,B,2,W,49,B,62,W,23,B,14,W,5,B,12,W,15,B,48,W,57,B,8,W,63,B,21,W,54,B,6,W,7,B,16,W,56,WW,"
",B,26,W,20,B,21,W,22,B,14,W,34,B,30,W,7,B,29,W,19,B,6,W,37,B,42,W,41,B,10,W,23,B,44,W,45,B,40,W,51,B,46,W,11,B,12,W,48,B,31,W,43,B,13,W,15,B,56,W,3,B,38,W,54,B,18,W,1,B,62,W,25,B,53,W,39,B,2,W,55,B,0,W,61,B,59,W,50,B,33,W,58,B,52,W,4,B,32,W,57,B,49,W,47,B,60,W,63,B,16,W,5,B,17,W,9,B,24,W,64,B,8,WW,"
",B,37,W,29,B,21,W,45,B,26,W,34,B,44,W,18,B,33,W,13,B,22,W,19,B,14,W,30,B,17,W,51,B,38,W,46,B,58,W,52,B,11,W,50,B,20,W,39,B,6,W,10,B,43,W,42,B,60,W,2,B,41,W,61,B,62,W,24,B,16,W,32,B,47,W,5,B,48,W,15,B,25,W,31,B,59,W,49,B,23,W,53,B,40,W,54,B,55,W,63,B,4,W,57,B,3,W,9,B,56,W,12,B,8,W,7,B,1,W,0,WW,"
",B,44,W,29,B,21,W,43,B,37,W,14,B,34,W,41,B,18,W,46,B,45,W,52,B,48,W,38,B,47,W,9,B,61,W,31,B,13,W,5,B,7,W,26,B,30,W,60,B,55,W,62,B,10,W,20,B,51,W,54,B,22,W,15,B,11,W,59,B,42,W,50,B,53,W,6,B,58,W,33,B,23,W,40,B,19,W,56,B,0,W,2,B,1,W,8,B,17,W,12,B,39,W,57,B,3,W,4,B,24,W,49,B,63,W,25,B,32,W,16,WW,"
",B,37,W,29,B,22,W,44,B,21,W,38,B,53,W,52,B,45,W,26,B,17,W,25,B,51,W,30,B,19,W,12,B,31,W,23,B,15,W,18,B,3,W,34,B,42,W,39,B,47,W,14,B,13,W,5,B,10,W,49,B,56,W,20,B,24,W,9,B,43,W,59,B,50,W,6,B,1,W,33,B,4,W,16,B,40,W,32,B,8,W,46,B,11,W,54,B,63,W,62,B,61,W,60,B,41,W,48,B,57,W,2,B,7,W,55,B,58,W,0,WB,"
",B,19,W,20,B,45,W,42,B,12,W,11,B,34,W,43,B,2,W,29,B,38,W,3,B,52,W,47,B,13,W,54,B,37,W,26,B,53,W,14,B,21,W,61,B,51,W,60,B,18,W,50,B,59,W,17,B,6,W,1,B,22,W,7,B,55,W,23,B,33,W,58,B,9,W,5,B,31,W,40,B,32,W,25,B,15,W,39,B,49,W,30,B,10,W,16,B,48,W,41,B,44,W,63,B,46,W,57,B,24,W,56,B,0,W,8,B,62,W,64,B,4,WW,"
",B,44,W,29,B,20,W,11,B,18,W,43,B,4,W,9,B,19,W,34,B,12,W,45,B,51,W,26,B,41,W,3,B,38,W,47,B,46,W,48,B,22,W,59,B,10,W,2,B,42,W,15,B,58,W,53,B,25,W,49,B,0,W,60,B,33,W,57,B,13,W,5,B,52,W,17,B,32,W,8,B,30,W,39,B,62,W,40,B,16,W,14,B,54,W,31,B,21,W,61,B,63,W,24,B,37,W,1,B,7,W,23,B,55,W,50,B,56,W,6,WB,"
",B,37,W,45,B,53,W,34,B,26,W,54,B,41,W,52,B,42,W,18,B,44,W,20,B,13,W,50,B,17,W,40,B,61,W,25,B,43,W,12,B,29,W,16,B,21,W,38,B,3,W,46,B,19,W,10,B,55,W,22,B,8,W,33,B,31,W,39,B,49,W,60,B,57,W,30,B,59,W,23,B,14,W,48,B,9,W,24,B,62,W,1,B,11,W,2,B,0,W,5,B,4,W,51,B,15,W,6,B,7,W,63,B,32,W,58,B,47,W,56,WB,"
",B,19,W,20,B,37,W,44,B,29,W,38,B,52,W,51,B,13,W,26,B,39,W,30,B,22,W,11,B,18,W,25,B,3,W,4,B,9,W,23,B,24,W,2,B,53,W,31,B,50,W,16,B,46,W,58,B,45,W,34,B,8,W,42,B,0,W,54,B,21,W,17,B,60,W,62,B,47,W,55,B,61,W,1,B,43,W,32,B,6,W,5,B,57,W,56,B,40,W,33,B,14,W,49,B,10,W,59,B,41,W,15,B,12,W,7,B,63,W,48,WW,"
",B,37,W,29,B,19,W,43,B,45,W,11,B,50,W,46,B,3,W,44,B,53,W,42,B,30,W,23,B,31,W,58,B,51,W,18,B,49,W,41,B,33,W,60,B,55,W,47,B,52,W,4,B,38,W,10,B,1,W,48,B,15,W,21,B,39,W,34,B,59,W,2,B,13,W,12,B,57,W,56,B,54,W,63,B,5,W,62,B,17,W,61,B,20,W,24,B,32,W,9,B,16,W,25,B,26,W,7,B,40,W,22,B,64,W,14,B,64,W,0,B,8,W,6,WW,"
",B,44,W,45,B,19,W,18,B,37,W,11,B,9,W,0,B,53,W,52,B,51,W,29,B,10,W,20,B,26,W,33,B,12,W,2,B,22,W,60,B,21,W,43,B,1,W,59,B,40,W,23,B,14,W,38,B,3,W,46,B,47,W,30,B,61,W,54,B,16,W,7,B,39,W,34,B,42,W,24,B,50,W,49,B,62,W,55,B,13,W,4,B,41,W,17,B,48,W,31,B,58,W,57,B,6,W,5,B,25,W,8,B,56,W,63,B,15,W,32,WW,"
",B,37,W,45,B,44,W,29,B,21,W,43,B,53,W,62,B,18,W,46,B,55,W,19,B,51,W,9,B,10,W,39,B,34,W,2,B,54,W,25,B,52,W,22,B,23,W,15,B,0,W,11,B,7,W,20,B,17,W,38,B,31,W,1,B,4,W,3,B,30,W,14,B,26,W,60,B,42,W,50,B,16,W,13,B,47,W,5,B,61,W,59,B,6,W,63,B,12,W,24,B,58,W,33,B,41,W,40,B,49,W,8,B,32,W,57,B,48,W,56,WB,"
",B,19,W,20,B,45,W,18,B,11,W,54,B,25,W,2,B,37,W,9,B,12,W,13,B,3,W,26,B,10,W,4,B,0,W,34,B,14,W,24,B,21,W,30,B,32,W,16,B,53,W,40,B,22,W,15,B,42,W,33,B,44,W,62,B,52,W,23,B,61,W,29,B,63,W,51,B,38,W,39,B,17,W,60,B,50,W,49,B,59,W,46,B,31,W,1,B,47,W,58,B,56,W,55,B,41,W,48,B,5,W,43,B,6,W,7,B,57,W,8,WW,"
",B,19,W,34,B,43,W,50,B,37,W,38,B,46,W,20,B,30,W,55,B,54,W,11,B,10,W,53,B,21,W,14,B,3,W,1,B,41,W,39,B,9,W,17,B,24,W,32,B,40,W,33,B,45,W,44,B,52,W,51,B,42,W,18,B,47,W,29,B,26,W,13,B,31,W,12,B,61,W,48,B,4,W,16,B,49,W,58,B,56,W,59,B,63,W,2,B,8,W,5,B,6,W,25,B,7,W,23,B,15,W,57,B,0,W,60,B,22,W,62,WB,"
",B,37,W,29,B,18,W,42,B,43,W,50,B,21,W,22,B,51,W,38,B,44,W,60,B,49,W,34,B,59,W,9,B,45,W,14,B,15,W,56,B,39,W,54,B,41,W,53,B,46,W,23,B,61,W,52,B,26,W,30,B,31,W,25,B,55,W,63,B,5,W,20,B,62,W,48,B,11,W,33,B,13,W,17,B,32,W,58,B,19,W,6,B,0,W,4,B,7,W,16,B,24,W,40,B,12,W,47,B,8,W,10,B,57,W,2,B,3,W,1,WD,"
",B,26,W,20,B,37,W,34,B,33,W,44,B,13,W,18,B,10,W,42,B,45,W,17,B,52,W,29,B,38,W,40,B,16,W,46,B,47,W,8,B,50,W,19,B,32,W,21,B,14,W,1,B,12,W,6,B,11,W,54,B,62,W,41,B,9,W,24,B,48,W,39,B,31,W,15,B,25,W,43,B,3,W,60,B,2,W,4,B,59,W,49,B,0,W,30,B,5,W,61,B,7,W,22,B,51,W,57,B,53,W,56,B,58,W,55,B,63,W,64,B,23,WB,"
",B,37,W,43,B,42,W,29,B,19,W,20,B,13,W,26,B,33,W,38,B,46,W,25,B,39,W,45,B,44,W,6,B,21,W,30,B,22,W,12,B,24,W,23,B,15,W,52,B,3,W,34,B,5,W,14,B,53,W,18,B,10,W,51,B,61,W,60,B,59,W,54,B,31,W,17,B,16,W,1,B,2,W,58,B,50,W,41,B,49,W,56,B,63,W,47,B,0,W,32,B,11,W,9,B,7,W,57,B,55,W,62,B,40,W,4,B,48,W,8,WB,"
",B,26,W,18,B,19,W,20,B,10,W,25,B,17,W,33,B,34,W,11,B,24,W,16,B,12,W,44,B,42,W,32,B,43,W,5,B,13,W,41,B,29,W,1,B,37,W,30,B,52,W,53,B,40,W,14,B,22,W,15,B,9,W,0,B,54,W,21,B,49,W,50,B,2,W,56,B,51,W,59,B,7,W,23,B,58,W,60,B,6,W,3,B,4,W,48,B,38,W,45,B,61,W,62,B,63,W,39,B,57,W,55,B,31,W,47,B,46,W,64,B,8,WB,"
",B,19,W,20,B,37,W,18,B,9,W,44,B,45,W,26,B,51,W,53,B,61,W,10,B,43,W,8,B,12,W,5,B,42,W,54,B,25,W,21,B,2,W,49,B,47,W,60,B,46,W,38,B,31,W,55,B,16,W,33,B,30,W,23,B,41,W,17,B,0,W,3,B,59,W,63,B,29,W,1,B,14,W,39,B,22,W,34,B,40,W,7,B,58,W,32,B,13,W,52,B,6,W,4,B,24,W,11,B,62,W,15,B,64,W,57,B,56,W,50,B,48,WW,"
",B,19,W,18,B,37,W,20,B,9,W,44,B,53,W,43,B,26,W,34,B,21,W,14,B,22,W,11,B,12,W,29,B,30,W,52,B,33,W,23,B,51,W,32,B,13,W,59,B,40,W,38,B,42,W,45,B,54,W,62,B,4,W,48,B,15,W,3,B,47,W,24,B,49,W,7,B,60,W,50,B,56,W,0,B,61,W,39,B,16,W,25,B,41,W,5,B,58,W,63,B,2,W,31,B,17,W,1,B,6,W,57,B,55,W,46,B,8,W,10,WW,"
",B,37,W,43,B,42,W,41,B,26,W,21,B,19,W,38,B,49,W,10,B,45,W,53,B,29,W,57,B,44,W,33,B,17,W,24,B,56,W,18,B,2,W,50,B,47,W,25,B,9,W,8,B,46,W,34,B,20,W,52,B,60,W,3,B,22,W,51,B,4,W,55,B,59,W,12,B,16,W,40,B,0,W,62,B,30,W,61,B,39,W,23,B,32,W,1,B,15,W,54,B,13,W,14,B,5,W,7,B,58,W,31,B,48,W,11,B,63,W,6,WD,"
",B,19,W,18,B,26,W,34,B,42,W,44,B,33,W,49,B,51,W,20,B,56,W,58,B,10,W,9,B,12,W,50,B,60,W,1,B,2,W,52,B,21,W,13,B,16,W,29,B,53,W,40,B,6,W,4,B,14,W,0,B,37,W,25,B,17,W,11,B,5,W,15,B,22,W,7,B,8,W,31,B,23,W,43,B,45,W,62,B,61,W,41,B,39,W,57,B,63,W,30,B,46,W,38,B,47,W,3,B,48,W,59,B,32,W,54,B,55,W,24,WW,"
",B,37,W,29,B,21,W,43,B,42,W,45,B,50,W,13,B,26,W,18,B,30,W,34,B,14,W,19,B,41,W,22,B,5,W,51,B,52,W,20,B,25,W,38,B,31,W,59,B,17,W,32,B,44,W,24,B,49,W,58,B,16,W,7,B,33,W,12,B,6,W,23,B,57,W,10,B,40,W,15,B,9,W,8,B,0,W,53,B,46,W,39,B,62,W,60,B,4,W,3,B,47,W,56,B,2,W,55,B,61,W,48,B,54,W,63,B,11,W,1,WW,"
",B,19,W,18,B,17,W,29,B,45,W,26,B,34,W,41,B,42,W,49,B,44,W,11,B,4,W,43,B,40,W,50,B,51,W,52,B,61,W,46,B,60,W,9,B,37,W,32,B,53,W,25,B,47,W,12,B,16,W,55,B,22,W,21,B,1,W,24,B,14,W,58,B,38,W,62,B,3,W,7,B,20,W,8,B,57,W,59,B,63,W,2,B,48,W,15,B,23,W,13,B,39,W,10,B,6,W,54,B,30,W,56,B,33,W,5,B,64,W,0,B,64,W,31,WW,"
",B,19,W,34,B,44,W,37,B,42,W,20,B,46,W,43,B,12,W,29,B,26,W,55,B,30,W,45,B,53,W,18,B,17,W,4,B,39,W,22,B,5,W,9,B,13,W,31,B,10,W,54,B,62,W,63,B,8,W,61,B,23,W,50,B,14,W,52,B,21,W,11,B,58,W,1,B,2,W,57,B,38,W,15,B,59,W,47,B,7,W,25,B,60,W,6,B,41,W,3,B,0,W,40,B,48,W,33,B,49,W,56,B,51,W,64,B,32,W,24,B,16,WB,"
",B,19,W,34,B,41,W,20,B,29,W,38,B,43,W,18,B,26,W,50,B,10,W,33,B,30,W,17,B,57,W,45,B,42,W,49,B,21,W,3,B,8,W,37,B,11,W,23,B,1,W,14,B,32,W,51,B,13,W,24,B,46,W,6,B,53,W,12,B,44,W,48,B,58,W,25,B,5,W,47,B,40,W,4,B,52,W,56,B,31,W,16,B,54,W,59,B,7,W,55,B,62,W,61,B,15,W,63,B,2,W,0,B,60,W,39,B,22,W,9,WW,"
",B,19,W,34,B,43,W,20,B,29,W,18,B,26,W,51,B,50,W,25,B,59,W,44,B,11,W,21,B,41,W,4,B,24,W,38,B,10,W,9,B,53,W,37,B,39,W,47,B,1,W,32,B,30,W,2,B,14,W,22,B,31,W,48,B,33,W,45,B,55,W,57,B,52,W,16,B,46,W,7,B,15,W,42,B,13,W,62,B,17,W,23,B,3,W,60,B,61,W,12,B,8,W,58,B,49,W,40,B,6,W,63,B,5,W,0,B,56,W,54,WW,"
",B,19,W,18,B,26,W,20,B,13,W,21,B,37,W,5,B,9,W,46,B,22,W,12,B,3,W,4,B,29,W,30,B,38,W,23,B,55,W,45,B,54,W,10,B,6,W,39,B,15,W,53,B,2,W,62,B,31,W,0,B,16,W,11,B,43,W,34,B,44,W,51,B,42,W,14,B,63,W,49,B,59,W,60,B,41,W,7,B,56,W,58,B,61,W,50,B,47,W,25,B,32,W,24,B,57,W,48,B,17,W,8,B,33,W,52,B,1,W,40,WW,"
",B,44,W,45,B,37,W,43,B,42,W,30,B,38,W,29,B,53,W,61,B,62,W,34,B,33,W,41,B,20,W,12,B,26,W,31,B,4,W,18,B,47,W,32,B,60,W,39,B,17,W,55,B,46,W,11,B,49,W,13,B,40,W,48,B,19,W,10,B,25,W,24,B,9,W,52,B,5,W,58,B,22,W,0,B,51,W,16,B,23,W,1,B,2,W,21,B,8,W,14,B,15,W,3,B,57,W,50,B,56,W,7,B,54,W,6,B,59,W,63,WB,"
",B,37,W,29,B,19,W,43,B,51,W,38,B,30,W,50,B,57,W,23,B,39,W,46,B,53,W,26,B,18,W,44,B,22,W,11,B,17,W,42,B,33,W,55,B,20,W,10,B,3,W,31,B,15,W,1,B,54,W,25,B,21,W,2,B,45,W,16,B,24,W,34,B,9,W,59,B,8,W,58,B,12,W,56,B,41,W,32,B,60,W,47,B,0,W,7,B,49,W,4,B,5,W,14,B,13,W,63,B,52,W,40,B,48,W,61,B,62,W,64,B,6,WB,"
",B,37,W,45,B,26,W,20,B,19,W,29,B,13,W,10,B,21,W,12,B,3,W,4,B,11,W,2,B,30,W,23,B,53,W,46,B,47,W,38,B,9,W,43,B,31,W,34,B,50,W,33,B,32,W,17,B,18,W,25,B,15,W,42,B,1,W,6,B,14,W,22,B,5,W,57,B,24,W,0,B,44,W,54,B,51,W,58,B,8,W,41,B,62,W,55,B,39,W,16,B,48,W,61,B,60,W,7,B,52,W,63,B,49,W,40,B,56,W,59,WW,"
",B,26,W,20,B,13,W,12,B,45,W,44,B,21,W,54,B,52,W,60,B,19,W,25,B,34,W,33,B,42,W,51,B,3,W,4,B,32,W,43,B,18,W,10,B,29,W,24,B,16,W,2,B,37,W,22,B,53,W,38,B,50,W,58,B,11,W,40,B,41,W,59,B,9,W,1,B,46,W,62,B,30,W,0,B,48,W,17,B,5,W,55,B,15,W,14,B,8,W,49,B,23,W,31,B,57,W,7,B,61,W,6,B,39,W,47,B,63,W,56,WW,"
",B,44,W,29,B,21,W,43,B,42,W,50,B,51,W,34,B,57,W,53,B,25,W,59,B,49,W,20,B,19,W,33,B,52,W,60,B,58,W,11,B,41,W,48,B,40,W,45,B,62,W,32,B,30,W,54,B,26,W,38,B,63,W,13,B,56,W,17,B,8,W,9,B,24,W,39,B,10,W,16,B,31,W,23,B,61,W,47,B,14,W,1,B,46,W,37,B,3,W,15,B,6,W,5,B,7,W,55,B,18,W,12,B,2,W,4,B,22,W,0,WB,"
",B,19,W,20,B,29,W,18,B,26,W,38,B,44,W,34,B,22,W,52,B,25,W,15,B,10,W,2,B,13,W,32,B,60,W,12,B,47,W,30,B,17,W,11,B,3,W,16,B,24,W,14,B,31,W,1,B,40,W,46,B,33,W,41,B,49,W,45,B,0,W,37,B,23,W,4,B,53,W,43,B,5,W,61,B,51,W,50,B,21,W,6,B,59,W,8,B,42,W,9,B,7,W,48,B,56,W,58,B,39,W,57,B,62,W,54,B,55,W,63,WB,"
",B,44,W,45,B,19,W,52,B,60,W,59,B,46,W,20,B,13,W,12,B,5,W,38,B,58,W,4,B,37,W,47,B,21,W,29,B,54,W,53,B,3,W,11,B,55,W,14,B,22,W,42,B,39,W,34,B,30,W,31,B,7,W,63,B,33,W,43,B,61,W,32,B,49,W,51,B,2,W,6,B,15,W,23,B,41,W,50,B,26,W,1,B,40,W,24,B,25,W,17,B,57,W,48,B,9,W,18,B,62,W,0,B,10,W,56,B,16,W,8,WW,"
",B,19,W,18,B,37,W,29,B,20,W,45,B,46,W,47,B,26,W,25,B,34,W,44,B,33,W,43,B,24,W,10,B,9,W,21,B,12,W,16,B,54,W,61,B,32,W,8,B,42,W,50,B,51,W,49,B,22,W,53,B,11,W,40,B,30,W,52,B,55,W,15,B,1,W,17,B,13,W,6,B,59,W,3,B,14,W,7,B,0,W,39,B,31,W,2,B,5,W,4,B,48,W,23,B,41,W,58,B,60,W,62,B,57,W,38,B,63,W,56,WB,"
",B,37,W,45,B,19,W,18,B,53,W,20,B,9,W,46,B,21,W,60,B,47,W,55,B,29,W,13,B,14,W,26,B,44,W,51,B,5,W,39,B,17,W,43,B,42,W,41,B,52,W,10,B,40,W,33,B,30,W,49,B,1,W,6,B,7,W,8,B,24,W,22,B,25,W,11,B,12,W,31,B,38,W,61,B,3,W,2,B,54,W,34,B,59,W,16,B,50,W,23,B,58,W,32,B,48,W,0,B,62,W,4,B,15,W,56,B,57,W,63,WW,"
",B,19,W,18,B,17,W,29,B,37,W,45,B,38,W,9,B,52,W,25,B,26,W,44,B,21,W,54,B,33,W,39,B,46,W,13,B,16,W,60,B,43,W,42,B,2,W,51,B,59,W,34,B,5,W,50,B,49,W,61,B,24,W,10,B,30,W,57,B,41,W,32,B,1,W,40,B,62,W,14,B,48,W,0,B,20,W,11,B,4,W,22,B,12,W,3,B,8,W,47,B,23,W,63,B,58,W,15,B,53,W,6,B,7,W,56,B,55,W,31,WW,"
",B,19,W,18,B,44,W,11,B,9,W,37,B,4,W,42,B,26,W,17,B,29,W,3,B,8,W,33,B,10,W,51,B,25,W,1,B,16,W,5,B,45,W,43,B,24,W,30,B,38,W,46,B,50,W,34,B,47,W,52,B,32,W,41,B,23,W,54,B,53,W,59,B,58,W,49,B,57,W,39,B,20,W,56,B,31,W,40,B,62,W,22,B,12,W,0,B,14,W,61,B,48,W,55,B,60,W,6,B,15,W,2,B,21,W,7,B,64,W,13,B,64,W,63,WW,"
",B,26,W,18,B,37,W,34,B,19,W,29,B,9,W,46,B,20,W,11,B,13,W,44,B,2,W,6,B,33,W,45,B,54,W,53,B,38,W,55,B,51,W,21,B,63,W,39,B,30,W,32,B,43,W,58,B,40,W,3,B,61,W,0,B,5,W,52,B,4,W,14,B,25,W,23,B,62,W,48,B,59,W,1,B,57,W,24,B,47,W,10,B,7,W,41,B,17,W,12,B,16,W,8,B,22,W,31,B,15,W,42,B,49,W,60,B,50,W,56,WW,"
",B,19,W,18,B,17,W,34,B,44,W,11,B,20,W,45,B,42,W,13,B,26,W,52,B,29,W,16,B,6,W,43,B,61,W,21,B,8,W,25,B,37,W,60,B,59,W,22,B,14,W,0,B,12,W,41,B,9,W,7,B,50,W,4,B,10,W,38,B,32,W,57,B,58,W,33,B,30,W,62,B,40,W,1,B,5,W,31,B,15,W,48,B,3,W,49,B,51,W,2,B,54,W,53,B,56,W,24,B,63,W,23,B,39,W,47,B,46,W,55,WW,"
",B,19,W,18,B,26,W,34,B,33,W,17,B,25,W,32,B,45,W,29,B,9,W,44,B,40,W,10,B,11,W,48,B,30,W,0,B,16,W,31,B,43,W,12,B,41,W,42,B,3,W,2,B,13,W,4,B,20,W,53,B,1,W,14,B,51,W,58,B,62,W,8,B,60,W,46,B,37,W,52,B,5,W,61,B,39,W,63,B,49,W,6,B,15,W,56,B,23,W,24,B,54,W,59,B,22,W,55,B,21,W,7,B,57,W,50,B,47,W,38,WW,"
",B,37,W,29,B,21,W,43,B,50,W,51,B,18,W,38,B,46,W,49,B,42,W,41,B,39,W,19,B,34,W,9,B,48,W,32,B,52,W,14,B,11,W,20,B,13,W,44,B,33,W,26,B,15,W,22,B,25,W,45,B,12,W,55,B,23,W,5,B,47,W,10,B,53,W,17,B,63,W,61,B,0,W,16,B,2,W,56,B,4,W,58,B,24,W,1,B,59,W,3,B,57,W,7,B,8,W,40,B,6,W,31,B,54,W,60,B,30,W,62,WB,"
",B,44,W,43,B,18,W,53,B,51,W,20,B,62,W,34,B,26,W,25,B,16,W,52,B,21,W,58,B,50,W,33,B,12,W,9,B,42,W,59,B,60,W,13,B,57,W,17,B,24,W,22,B,30,W,19,B,23,W,14,B,2,W,32,B,41,W,61,B,6,W,7,B,5,W,11,B,40,W,37,B,3,W,39,B,38,W,56,B,29,W,46,B,54,W,0,B,10,W,63,B,1,W,45,B,55,W,47,B,8,W,15,B,49,W,31,B,64,W,4,B,64,W,48,WW,"
",B,37,W,43,B,42,W,29,B,21,W,20,B,11,W,46,B,44,W,45,B,53,W,52,B,55,W,26,B,18,W,62,B,25,W,34,B,61,W,60,B,51,W,49,B,56,W,13,B,14,W,9,B,38,W,50,B,19,W,30,B,33,W,54,B,6,W,2,B,0,W,7,B,3,W,32,B,15,W,4,B,31,W,17,B,41,W,12,B,47,W,39,B,57,W,63,B,23,W,24,B,10,W,40,B,16,W,1,B,58,W,8,B,48,W,59,B,5,W,22,WW,"
",B,44,W,43,B,34,W,25,B,18,W,11,B,41,W,29,B,45,W,54,B,20,W,19,B,2,W,13,B,26,W,4,B,24,W,52,B,38,W,32,B,51,W,48,B,21,W,30,B,17,W,47,B,40,W,42,B,31,W,8,B,33,W,9,B,10,W,58,B,5,W,22,B,16,W,0,B,12,W,6,B,39,W,3,B,37,W,23,B,1,W,50,B,56,W,14,B,53,W,46,B,55,W,60,B,61,W,63,B,49,W,62,B,15,W,7,B,64,W,59,B,64,W,57,WW,"
",B,26,W,34,B,43,W,50,B,45,W,20,B,57,W,18,B,17,W,16,B,12,W,13,B,19,W,44,B,6,W,11,B,29,W,14,B,3,W,46,B,22,W,15,B,37,W,38,B,33,W,32,B,52,W,4,B,47,W,10,B,2,W,25,B,30,W,9,B,8,W,54,B,53,W,51,B,55,W,61,B,24,W,21,B,0,W,1,B,62,W,58,B,40,W,63,B,5,W,42,B,23,W,41,B,48,W,56,B,31,W,39,B,49,W,60,B,59,W,7,WW,"
",B,19,W,34,B,45,W,37,B,29,W,22,B,42,W,20,B,26,W,41,B,30,W,18,B,12,W,31,B,21,W,13,B,33,W,50,B,15,W,24,B,39,W,11,B,9,W,25,B,10,W,23,B,32,W,44,B,16,W,40,B,49,W,38,B,46,W,47,B,17,W,1,B,53,W,48,B,59,W,51,B,2,W,61,B,0,W,43,B,56,W,7,B,14,W,6,B,55,W,54,B,62,W,60,B,5,W,52,B,57,W,58,B,63,W,8,B,4,W,3,WW,"
",B,19,W,20,B,13,W,42,B,44,W,37,B,26,W,21,B,22,W,17,B,29,W,10,B,30,W,12,B,43,W,34,B,33,W,51,B,8,W,15,B,59,W,31,B,18,W,60,B,39,W,32,B,58,W,46,B,2,W,57,B,40,W,25,B,49,W,6,B,23,W,24,B,41,W,52,B,3,W,50,B,5,W,4,B,48,W,14,B,11,W,38,B,16,W,47,B,55,W,9,B,53,W,61,B,1,W,56,B,7,W,0,B,45,W,54,B,62,W,63,WW,"
",B,44,W,29,B,19,W,10,B,22,W,52,B,53,W,42,B,26,W,15,B,21,W,37,B,51,W,14,B,43,W,45,B,11,W,59,B,41,W,12,B,7,W,18,B,38,W,58,B,9,W,54,B,46,W,6,B,61,W,49,B,2,W,0,B,34,W,25,B,50,W,33,B,32,W,55,B,63,W,57,B,48,W,39,B,17,W,60,B,13,W,62,B,23,W,3,B,16,W,40,B,56,W,30,B,5,W,24,B,47,W,1,B,20,W,8,B,4,W,64,B,31,WB,"
",B,37,W,29,B,20,W,45,B,34,W,19,B,38,W,21,B,13,W,43,B,52,W,12,B,22,W,47,B,11,W,5,B,6,W,44,B,39,W,4,B,55,W,30,B,53,W,10,B,14,W,15,B,46,W,41,B,33,W,54,B,1,W,50,B,23,W,59,B,49,W,32,B,48,W,18,B,3,W,61,B,42,W,25,B,57,W,51,B,17,W,40,B,26,W,24,B,16,W,58,B,63,W,31,B,60,W,62,B,7,W,8,B,0,W,56,B,9,W,2,WB,"
",B,19,W,34,B,41,W,33,B,44,W,37,B,45,W,10,B,38,W,39,B,29,W,54,B,53,W,46,B,63,W,52,B,43,W,49,B,61,W,18,B,20,W,21,B,31,W,51,B,14,W,62,B,26,W,30,B,1,W,59,B,48,W,23,B,12,W,11,B,57,W,17,B,16,W,60,B,4,W,2,B,40,W,7,B,50,W,3,B,22,W,5,B,47,W,55,B,42,W,58,B,9,W,13,B,25,W,24,B,6,W,32,B,15,W,0,B,8,W,56,WW,"
",B,19,W,20,B,29,W,18,B,26,W,43,B,12,W,25,B,44,W,37,B,17,W,45,B,32,W,4,B,53,W,52,B,42,W,34,B,60,W,8,B,5,W,38,B,30,W,16,B,13,W,61,B,33,W,6,B,24,W,21,B,11,W,59,B,54,W,41,B,46,W,31,B,40,W,10,B,22,W,39,B,47,W,14,B,15,W,55,B,62,W,50,B,2,W,23,B,58,W,9,B,0,W,51,B,1,W,48,B,63,W,3,B,49,W,57,B,56,W,64,B,7,WB,"
",B,26,W,18,B,44,W,34,B,19,W,37,B,25,W,20,B,42,W,41,B,12,W,10,B,43,W,45,B,48,W,17,B,29,W,33,B,51,W,49,B,38,W,31,B,8,W,46,B,3,W,1,B,39,W,52,B,40,W,13,B,24,W,60,B,6,W,22,B,50,W,4,B,54,W,32,B,15,W,9,B,5,W,16,B,59,W,47,B,30,W,55,B,53,W,58,B,21,W,56,B,11,W,23,B,14,W,0,B,57,W,61,B,62,W,2,B,63,W,7,WW,"
",B,19,W,20,B,45,W,18,B,13,W,42,B,11,W,54,B,17,W,12,B,5,W,2,B,3,W,4,B,21,W,14,B,63,W,16,B,43,W,34,B,22,W,23,B,1,W,10,B,33,W,44,B,37,W,24,B,52,W,38,B,41,W,9,B,6,W,26,B,31,W,53,B,40,W,55,B,47,W,30,B,8,W,49,B,39,W,46,B,50,W,60,B,58,W,0,B,62,W,32,B,59,W,7,B,61,W,29,B,15,W,51,B,25,W,57,B,56,W,48,WD,"
",B,26,W,20,B,13,W,34,B,44,W,6,B,19,W,37,B,43,W,51,B,29,W,38,B,41,W,17,B,25,W,18,B,22,W,42,B,39,W,24,B,11,W,45,B,50,W,30,B,54,W,52,B,53,W,3,B,16,W,8,B,31,W,10,B,33,W,48,B,40,W,61,B,1,W,49,B,58,W,57,B,32,W,15,B,0,W,46,B,12,W,9,B,2,W,55,B,14,W,21,B,5,W,4,B,47,W,59,B,56,W,23,B,60,W,62,B,7,W,64,B,63,WB,"
",B,44,W,29,B,18,W,43,B,21,W,13,B,42,W,20,B,45,W,49,B,30,W,53,B,56,W,37,B,14,W,41,B,19,W,23,B,54,W,26,B,33,W,17,B,51,W,7,B,61,W,46,B,6,W,58,B,47,W,40,B,60,W,52,B,8,W,9,B,34,W,5,B,59,W,10,B,32,W,63,B,55,W,11,B,3,W,12,B,22,W,16,B,25,W,24,B,15,W,2,B,1,W,39,B,57,W,4,B,38,W,48,B,31,W,0,B,62,W,50,WW,"
",B,26,W,20,B,13,W,25,B,17,W,34,B,29,W,18,B,24,W,21,B,22,W,19,B,11,W,6,B,42,W,2,B,4,W,33,B,10,W,8,B,44,W,51,B,32,W,12,B,5,W,52,B,37,W,3,B,58,W,50,B,60,W,53,B,9,W,40,B,41,W,46,B,30,W,39,B,55,W,31,B,49,W,43,B,62,W,59,B,23,W,56,B,47,W,38,B,61,W,57,B,45,W,15,B,14,W,1,B,7,W,16,B,0,W,63,B,48,WB,"
",B,37,W,43,B,42,W,41,B,50,W,21,B,20,W,44,B,18,W,19,B,14,W,22,B,10,W,29,B,49,W,30,B,15,W,51,B,38,W,17,B,11,W,56,B,9,W,39,B,59,W,60,B,61,W,57,B,33,W,26,B,34,W,32,B,24,W,6,B,40,W,13,B,46,W,16,B,52,W,48,B,58,W,53,B,31,W,1,B,47,W,23,B,45,W,7,B,0,W,3,B,5,W,25,B,8,W,54,B,62,W,12,B,2,W,4,B,55,W,63,WW,"
",B,44,W,45,B,19,W,34,B,41,W,53,B,43,W,50,B,62,W,11,B,42,W,37,B,38,W,31,B,59,W,48,B,33,W,25,B,32,W,46,B,3,W,49,B,18,W,20,B,54,W,16,B,39,W,4,B,29,W,21,B,57,W,55,B,51,W,26,B,14,W,30,B,47,W,52,B,10,W,24,B,22,W,7,B,61,W,2,B,40,W,23,B,56,W,63,B,6,W,15,B,17,W,8,B,60,W,58,B,1,W,5,B,12,W,0,B,9,W,13,WW,"
",B,26,W,18,B,44,W,29,B,30,W,34,B,17,W,37,B,41,W,23,B,46,W,21,B,45,W,19,B,9,W,52,B,53,W,43,B,42,W,33,B,14,W,48,B,39,W,62,B,59,W,5,B,40,W,8,B,7,W,60,B,24,W,10,B,12,W,55,B,20,W,49,B,38,W,4,B,13,W,31,B,0,W,25,B,16,W,47,B,57,W,15,B,6,W,32,B,2,W,22,B,51,W,1,B,56,W,58,B,11,W,50,B,63,W,3,B,54,W,61,WB,"
",B,44,W,43,B,34,W,41,B,19,W,11,B,26,W,20,B,42,W,33,B,32,W,45,B,25,W,17,B,16,W,21,B,18,W,9,B,53,W,52,B,2,W,54,B,50,W,48,B,22,W,51,B,3,W,4,B,40,W,58,B,37,W,24,B,5,W,0,B,10,W,13,B,56,W,31,B,60,W,38,B,30,W,23,B,8,W,61,B,59,W,49,B,6,W,29,B,46,W,1,B,55,W,7,B,39,W,12,B,15,W,57,B,62,W,14,B,64,W,47,B,64,W,63,WW,"
",B,44,W,29,B,22,W,30,B,21,W,15,B,23,W,31,B,37,W,20,B,11,W,51,B,26,W,17,B,13,W,14,B,34,W,42,B,38,W,4,B,43,W,52,B,60,W,39,B,7,W,6,B,49,W,33,B,50,W,56,B,25,W,41,B,5,W,24,B,46,W,12,B,47,W,2,B,19,W,61,B,48,W,54,B,18,W,45,B,59,W,10,B,63,W,53,B,3,W,55,B,62,W,58,B,8,W,32,B,16,W,57,B,40,W,9,B,1,W,0,WB,"
",B,44,W,45,B,37,W,29,B,21,W,13,B,19,W,43,B,54,W,10,B,53,W,26,B,22,W,63,B,14,W,34,B,55,W,62,B,5,W,46,B,1,W,12,B,61,W,38,B,31,W,20,B,18,W,47,B,33,W,60,B,42,W,25,B,16,W,6,B,11,W,49,B,4,W,9,B,50,W,24,B,2,W,40,B,7,W,58,B,52,W,51,B,57,W,56,B,48,W,3,B,17,W,15,B,41,W,8,B,59,W,30,B,32,W,0,B,39,W,23,WW,"
",B,26,W,18,B,44,W,25,B,9,W,29,B,17,W,11,B,19,W,52,B,53,W,10,B,33,W,16,B,37,W,40,B,30,W,34,B,32,W,42,B,41,W,2,B,51,W,46,B,4,W,12,B,5,W,50,B,0,W,24,B,1,W,48,B,38,W,13,B,3,W,60,B,49,W,56,B,57,W,22,B,59,W,45,B,14,W,58,B,31,W,20,B,39,W,23,B,55,W,54,B,61,W,62,B,43,W,21,B,63,W,7,B,6,W,47,B,15,WW,"
",B,26,W,18,B,44,W,25,B,17,W,43,B,10,W,29,B,33,W,40,B,41,W,52,B,53,W,42,B,45,W,24,B,49,W,9,B,59,W,57,B,0,W,2,B,51,W,60,B,22,W,58,B,11,W,1,B,50,W,15,B,8,W,46,B,54,W,20,B,4,W,61,B,13,W,34,B,38,W,55,B,62,W,31,B,3,W,47,B,63,W,12,B,56,W,19,B,37,W,16,B,32,W,30,B,14,W,48,B,21,W,5,B,39,W,23,B,6,W,7,WB,"
",B,44,W,43,B,26,W,29,B,45,W,19,B,10,W,11,B,30,W,17,B,34,W,25,B,8,W,46,B,50,W,37,B,53,W,1,B,42,W,24,B,3,W,54,B,47,W,52,B,60,W,62,B,41,W,49,B,16,W,21,B,61,W,51,B,12,W,5,B,63,W,40,B,9,W,13,B,32,W,39,B,31,W,55,B,38,W,18,B,59,W,57,B,33,W,2,B,14,W,7,B,0,W,4,B,20,W,23,B,6,W,58,B,15,W,22,B,48,W,56,WB,"
",B,37,W,29,B,19,W,45,B,54,W,10,B,21,W,46,B,20,W,13,B,47,W,11,B,14,W,53,B,60,W,42,B,43,W,34,B,3,W,26,B,25,W,63,B,62,W,33,B,18,W,61,B,40,W,16,B,52,W,38,B,17,W,44,B,50,W,57,B,12,W,59,B,58,W,9,B,1,W,0,B,22,W,24,B,8,W,51,B,41,W,5,B,39,W,49,B,32,W,30,B,4,W,2,B,55,W,7,B,23,W,15,B,56,W,48,B,31,W,6,WW,"
",B,19,W,20,B,13,W,42,B,37,W,38,B,43,W,12,B,49,W,6,B,45,W,18,B,11,W,54,B,17,W,2,B,3,W,4,B,63,W,16,B,39,W,10,B,9,W,51,B,14,W,33,B,26,W,5,B,21,W,44,B,58,W,30,B,34,W,50,B,29,W,47,B,23,W,61,B,32,W,22,B,8,W,46,B,24,W,56,B,40,W,48,B,57,W,59,B,53,W,41,B,31,W,55,B,7,W,52,B,62,W,15,B,60,W,0,B,25,W,64,B,1,WB,"
",B,26,W,18,B,19,W,20,B,45,W,25,B,12,W,37,B,17,W,13,B,32,W,53,B,14,W,34,B,42,W,11,B,21,W,4,B,29,W,41,B,10,W,22,B,40,W,6,B,46,W,2,B,7,W,55,B,43,W,16,B,30,W,44,B,47,W,54,B,33,W,24,B,5,W,39,B,62,W,48,B,1,W,23,B,38,W,31,B,49,W,56,B,57,W,60,B,9,W,0,B,61,W,50,B,52,W,59,B,15,W,3,B,58,W,8,B,51,W,63,WW,"
",B,37,W,45,B,44,W,43,B,34,W,25,B,33,W,26,B,51,W,42,B,17,W,21,B,53,W,59,B,58,W,60,B,19,W,54,B,46,W,39,B,61,W,24,B,41,W,50,B,49,W,12,B,14,W,8,B,52,W,29,B,47,W,57,B,40,W,30,B,9,W,38,B,23,W,55,B,62,W,7,B,20,W,32,B,18,W,31,B,5,W,63,B,16,W,56,B,13,W,48,B,15,W,22,B,11,W,10,B,0,W,1,B,2,W,4,B,6,W,3,WW,"
",B,19,W,34,B,43,W,52,B,41,W,20,B,37,W,18,B,10,W,44,B,61,W,48,B,53,W,2,B,21,W,13,B,29,W,46,B,5,W,38,B,25,W,45,B,31,W,50,B,17,W,6,B,30,W,16,B,12,W,11,B,7,W,54,B,1,W,59,B,33,W,9,B,39,W,0,B,22,W,23,B,62,W,51,B,49,W,47,B,15,W,58,B,4,W,42,B,60,W,32,B,3,W,40,B,8,W,26,B,14,W,63,B,24,W,64,B,55,W,64,B,56,W,57,WB,"
",B,26,W,18,B,37,W,34,B,25,W,45,B,44,W,29,B,38,W,46,B,11,W,47,B,21,W,9,B,10,W,16,B,42,W,13,B,39,W,41,B,40,W,43,B,52,W,17,B,5,W,53,B,60,W,50,B,59,W,31,B,8,W,14,B,15,W,58,B,57,W,0,B,20,W,7,B,33,W,4,B,2,W,23,B,19,W,22,B,1,W,3,B,49,W,32,B,30,W,48,B,6,W,61,B,24,W,55,B,12,W,56,B,62,W,51,B,54,W,63,WW,"
",B,26,W,18,B,37,W,45,B,44,W,34,B,54,W,38,B,31,W,51,B,9,W,53,B,25,W,21,B,52,W,20,B,50,W,16,B,12,W,63,B,14,W,2,B,42,W,13,B,30,W,41,B,55,W,59,B,19,W,11,B,0,W,47,B,40,W,29,B,46,W,32,B,24,W,10,B,48,W,62,B,5,W,60,B,17,W,39,B,1,W,7,B,15,W,23,B,3,W,22,B,49,W,6,B,61,W,4,B,58,W,43,B,8,W,56,B,57,W,33,WW,"
",B,44,W,45,B,26,W,18,B,10,W,43,B,53,W,9,B,8,W,2,B,51,W,25,B,46,W,62,B,52,W,16,B,19,W,37,B,24,W,17,B,0,W,60,B,1,W,21,B,29,W,39,B,14,W,30,B,54,W,12,B,42,W,41,B,55,W,33,B,50,W,11,B,32,W,3,B,49,W,38,B,47,W,63,B,13,W,57,B,22,W,5,B,56,W,20,B,59,W,48,B,61,W,15,B,34,W,31,B,6,W,40,B,58,W,4,B,23,W,7,WB,"
",B,19,W,20,B,21,W,34,B,44,W,53,B,52,W,51,B,58,W,13,B,33,W,26,B,6,W,50,B,60,W,12,B,43,W,14,B,7,W,30,B,42,W,41,B,32,W,29,B,25,W,59,B,31,W,22,B,3,W,40,B,62,W,37,B,18,W,10,B,38,W,54,B,55,W,49,B,15,W,61,B,45,W,5,B,48,W,24,B,17,W,1,B,11,W,47,B,2,W,4,B,46,W,56,B,39,W,16,B,57,W,63,B,9,W,8,B,0,W,23,WW,"
",B,19,W,18,B,26,W,34,B,25,W,17,B,9,W,10,B,41,W,0,B,11,W,24,B,43,W,4,B,8,W,37,B,29,W,21,B,16,W,42,B,3,W,44,B,46,W,48,B,45,W,32,B,52,W,54,B,50,W,57,B,12,W,49,B,38,W,2,B,33,W,60,B,61,W,62,B,20,W,47,B,63,W,13,B,31,W,53,B,6,W,39,B,59,W,55,B,56,W,5,B,40,W,23,B,14,W,7,B,51,W,1,B,22,W,15,B,58,W,30,WW,"
",B,19,W,20,B,29,W,34,B,26,W,38,B,43,W,52,B,21,W,25,B,33,W,10,B,12,W,4,B,1,W,18,B,61,W,51,B,37,W,40,B,24,W,2,B,41,W,46,B,13,W,44,B,50,W,42,B,49,W,30,B,39,W,48,B,9,W,6,B,14,W,60,B,55,W,59,B,58,W,53,B,45,W,16,B,3,W,7,B,5,W,22,B,0,W,56,B,11,W,8,B,23,W,54,B,63,W,17,B,32,W,62,B,57,W,64,B,47,W,31,B,15,WB,"
",B,44,W,43,B,42,W,51,B,50,W,37,B,45,W,19,B,11,W,3,B,20,W,53,B,52,W,57,B,54,W,58,B,29,W,41,B,10,W,22,B,26,W,46,B,49,W,1,B,47,W,61,B,12,W,56,B,33,W,18,B,17,W,59,B,21,W,63,B,30,W,13,B,6,W,14,B,40,W,55,B,23,W,24,B,60,W,31,B,2,W,32,B,48,W,25,B,0,W,9,B,15,W,38,B,8,W,5,B,39,W,7,B,62,W,16,B,4,W,64,B,34,WB,"
",B,44,W,29,B,18,W,26,B,20,W,11,B,19,W,34,B,22,W,17,B,9,W,53,B,21,W,37,B,46,W,10,B,16,W,39,B,45,W,14,B,3,W,1,B,47,W,23,B,43,W,50,B,7,W,25,B,13,W,54,B,60,W,55,B,51,W,2,B,24,W,5,B,15,W,58,B,41,W,48,B,0,W,61,B,30,W,32,B,42,W,8,B,4,W,12,B,49,W,56,B,63,W,59,B,31,W,38,B,52,W,33,B,57,W,40,B,6,W,62,WD,"
",B,26,W,20,B,21,W,22,B,45,W,42,B,12,W,37,B,14,W,4,B,29,W,19,B,5,W,11,B,15,W,17,B,34,W,30,B,18,W,53,B,3,W,13,B,38,W,7,B,16,W,44,B,54,W,46,B,61,W,62,B,23,W,52,B,43,W,10,B,49,W,56,B,41,W,59,B,57,W,8,B,47,W,31,B,6,W,63,B,60,W,50,B,1,W,48,B,33,W,58,B,25,W,24,B,39,W,40,B,51,W,9,B,55,W,2,B,0,W,64,B,32,WB,"
",B,19,W,34,B,43,W,20,B,33,W,50,B,52,W,11,B,3,W,26,B,21,W,44,B,45,W,41,B,29,W,54,B,38,W,53,B,57,W,12,B,49,W,60,B,61,W,40,B,47,W,10,B,4,W,62,B,17,W,1,B,25,W,55,B,63,W,58,B,48,W,56,B,2,W,13,B,0,W,30,B,22,W,6,B,5,W,9,B,32,W,18,B,37,W,42,B,51,W,14,B,23,W,15,B,31,W,24,B,8,W,39,B,59,W,16,B,46,W,64,B,7,WB,"
",B,26,W,20,B,45,W,42,B,34,W,41,B,21,W,29,B,37,W,22,B,14,W,43,B,50,W,6,B,7,W,25,B,40,W,48,B,30,W,13,B,4,W,39,B,51,W,5,B,18,W,3,B,32,W,31,B,2,W,57,B,58,W,38,B,12,W,59,B,60,W,54,B,56,W,19,B,44,W,24,B,33,W,17,B,53,W,46,B,16,W,49,B,47,W,62,B,61,W,52,B,23,W,9,B,8,W,15,B,63,W,55,B,0,W,10,B,11,W,1,WB,"
",B,26,W,20,B,37,W,34,B,21,W,18,B,17,W,38,B,46,W,22,B,10,W,29,B,19,W,54,B,12,W,3,B,39,W,24,B,43,W,44,B,14,W,51,B,45,W,13,B,4,W,47,B,5,W,11,B,50,W,53,B,25,W,15,B,52,W,30,B,61,W,60,B,62,W,32,B,1,W,49,B,55,W,63,B,31,W,2,B,23,W,41,B,7,W,33,B,48,W,57,B,40,W,6,B,16,W,8,B,0,W,42,B,9,W,59,B,58,W,56,WB,"
",B,37,W,45,B,44,W,43,B,53,W,38,B,46,W,30,B,42,W,50,B,26,W,20,B,23,W,54,B,55,W,47,B,29,W,22,B,13,W,19,B,51,W,34,B,33,W,25,B,10,W,11,B,17,W,41,B,58,W,6,B,49,W,61,B,63,W,8,B,14,W,31,B,18,W,52,B,9,W,56,B,15,W,62,B,57,W,59,B,2,W,3,B,4,W,24,B,32,W,21,B,12,W,1,B,39,W,40,B,48,W,60,B,16,W,0,B,64,W,5,B,64,W,7,WW,"
",B,44,W,45,B,26,W,20,B,13,W,43,B,37,W,17,B,51,W,46,B,8,W,34,B,29,W,58,B,33,W,21,B,54,W,11,B,47,W,53,B,12,W,18,B,9,W,50,B,10,W,0,B,14,W,19,B,61,W,30,B,39,W,22,B,52,W,7,B,6,W,2,B,38,W,25,B,57,W,63,B,16,W,60,B,55,W,24,B,1,W,59,B,3,W,4,B,5,W,32,B,41,W,15,B,42,W,56,B,23,W,49,B,48,W,40,B,64,W,62,B,31,WW,"
",B,37,W,45,B,19,W,18,B,17,W,9,B,53,W,25,B,44,W,29,B,0,W,11,B,3,W,4,B,21,W,2,B,33,W,32,B,64,W,1,B,5,W,54,B,43,W,34,B,63,W,20,B,16,W,51,B,59,W,38,B,30,W,22,B,39,W,13,B,14,W,7,B,6,W,52,B,26,W,31,B,50,W,24,B,47,W,55,B,42,W,60,B,12,W,41,B,40,W,48,B,15,W,46,B,49,W,23,B,58,W,8,B,61,W,57,B,62,W,10,B,56,WB,"
",B,19,W,18,B,44,W,29,B,9,W,43,B,20,W,45,B,51,W,26,B,52,W,21,B,54,W,60,B,30,W,63,B,46,W,0,B,25,W,38,B,11,W,34,B,62,W,22,B,23,W,12,B,13,W,59,B,41,W,4,B,37,W,32,B,2,W,39,B,24,W,14,B,17,W,8,B,6,W,5,B,33,W,3,B,58,W,15,B,61,W,50,B,10,W,1,B,42,W,16,B,48,W,57,B,31,W,53,B,47,W,55,B,7,W,40,B,49,W,56,WW,"
",B,44,W,43,B,18,W,19,B,10,W,37,B,45,W,29,B,46,W,9,B,26,W,52,B,53,W,38,B,39,W,20,B,11,W,31,B,47,W,42,B,59,W,3,B,0,W,1,B,12,W,25,B,41,W,30,B,33,W,51,B,17,W,60,B,21,W,5,B,50,W,32,B,34,W,54,B,63,W,23,B,15,W,13,B,2,W,58,B,22,W,40,B,4,W,14,B,48,W,55,B,6,W,8,B,16,W,56,B,61,W,49,B,62,W,24,B,57,W,7,WB,"
",B,44,W,29,B,18,W,42,B,26,W,43,B,49,W,52,B,37,W,46,B,22,W,19,B,53,W,17,B,38,W,30,B,9,W,56,B,8,W,34,B,23,W,14,B,45,W,61,B,62,W,16,B,5,W,2,B,50,W,58,B,25,W,32,B,0,W,63,B,12,W,60,B,31,W,20,B,59,W,51,B,47,W,39,B,41,W,54,B,21,W,13,B,10,W,40,B,33,W,55,B,24,W,7,B,57,W,3,B,6,W,4,B,48,W,1,B,11,W,15,WW,"
",B,37,W,43,B,42,W,45,B,44,W,29,B,22,W,21,B,14,W,50,B,51,W,58,B,46,W,13,B,18,W,23,B,5,W,19,B,26,W,33,B,30,W,55,B,20,W,7,B,38,W,39,B,31,W,10,B,34,W,15,B,59,W,52,B,53,W,47,B,41,W,49,B,57,W,25,B,63,W,60,B,11,W,54,B,2,W,6,B,24,W,9,B,48,W,16,B,12,W,61,B,0,W,62,B,32,W,8,B,1,W,40,B,17,W,4,B,3,W,56,WW,"
