[
    {
        "main/loss": 1.3459919144299404,
        "main/accuracy": 0.6090082640775041,
        "validation/main/loss": 7.8253276472091695,
        "validation/main/accuracy": 0.04041904699057341,
        "epoch": 50,
        "iteration": 484,
        "elapsed_time": 1.844599800000001
    },
    {
        "main/loss": 0.1604992157372783,
        "main/accuracy": 0.9299792975619219,
        "validation/main/loss": 12.998710102081295,
        "validation/main/accuracy": 0.043386665992438796,
        "epoch": 100,
        "iteration": 967,
        "elapsed_time": 3.6476461999999987
    }
]